0.600
0.587
0.575
0.563
0.551
0.539
0.528
0.517
0.511
0.511
0.495
0.490
0.490
0.475
0.460
0.461
0.451
0.452
0.447
0.433
0.434
0.168
0.427
0.421
0.414
0.158
0.420
0.393
0.404
0.399
0.394
0.389
0.396
0.392
0.388
0.384
0.380
0.388
0.384
0.381
0.377
0.374
0.371
0.380
0.377
0.374
0.372
0.370
0.368
0.376
0.374
0.372
0.371
0.369
nan
nan
nan
nan
nan
nan
nan
nan
nan
nan
nan
nan
nan
nan
0.390
0.391
0.391
0.391
0.402
0.403
0.404
0.405
0.406
0.418
0.419
0.421
0.422
0.434
0.437
0.439
0.441
0.444
0.457
0.460
0.463
0.466
0.481
0.484
0.488
0.504
0.508
0.513
0.529
0.535
0.540
0.558
0.564
0.571
0.590
0.598
0.618
0.627
0.649
0.658
0.681
0.692
0.717
0.736
0.766
0.796
0.823
0.850
0.887
0.911
0.946
0.979
1.000
1.032
1.052
1.082
1.100
1.118
1.136
1.151
1.156
1.177
1.197
1.202
1.217
1.222
1.238
1.243
1.248
1.264
1.270
1.276
1.279
1.275
1.287
1.289
1.287
1.295
1.293
1.292
1.301
1.300
1.300
1.310
1.321
1.322
1.323
1.335
1.337
1.340
1.353
1.356
1.360
1.375
1.379
1.385
1.401
1.407
1.424
1.431
1.439
1.458
1.467
1.476
1.497
1.516
1.038
1.019
1.000
0.989
0.983
0.980
0.996
1.022
1.048
1.076
1.106
1.811
1.870
3.552
3.499
3.444
3.390
3.336
3.293
3.246
3.189
3.154
2.434
2.411
2.382
2.376
2.416
2.902
2.871
2.843
2.827
2.801
2.776
2.753
2.739
0.863
0.796
0.757
0.733
0.705
0.689
0.662
0.658
0.644
0.630
0.618
0.615
0.600
0.591
0.589
0.587
0.575
0.574
0.573
0.562
0.561
0.551
0.550
0.550
0.550
0.540
0.540
0.541
0.541
0.542
0.543
0.544
0.545
0.532
0.540
0.538
0.543
0.549
0.553
0.558
0.550
0.555
0.566
0.566
0.571
0.576
0.582
0.584
0.593
0.587
0.602
0.610
0.604
0.617
0.625
0.634
0.642
0.650
0.658
0.666
0.674
0.681
0.689
0.697
0.715
0.723
0.731
0.749
0.757
0.779
0.794
0.802
0.825
0.844
0.863
0.882
0.901
0.920
nan
nan
nan
nan
nan
nan
nan
nan
nan
nan
nan
nan
nan
1.463
1.533
1.604
1.687
1.783
1.883
2.009
2.137
2.299
3.695
3.683
3.671
3.659
3.648
3.637
3.623
3.627
3.617
3.613
3.606
3.612
3.607
3.588
3.571
3.541
3.502
3.449
3.373
3.252
2.855
2.517
0.149
0.152
1.871
1.660
1.560
0.134
1.363
1.288
1.211
1.145
1.102
1.048
0.997
0.959
0.922
0.886
0.850
0.830
0.798
0.771
0.743
0.726
0.710
0.684
0.669
0.654
0.640
0.626
0.613
