nan
nan
nan
nan
nan
nan
nan
3.648
3.203
2.856
2.575
2.325
2.146
1.987
1.848
1.735
1.631
1.538
1.297
1.235
1.190
0.174
1.094
1.056
1.020
0.151
0.149
0.923
0.894
0.865
0.855
0.825
0.801
0.783
0.766
0.745
0.728
0.715
0.694
0.688
0.670
0.657
0.652
0.641
0.623
0.620
0.606
0.592
0.590
0.577
0.574
0.562
0.560
0.548
0.547
nan
nan
nan
nan
nan
nan
nan
nan
nan
nan
nan
nan
nan
0.482
0.473
0.473
0.464
0.466
0.467
0.468
0.460
0.462
0.453
0.455
0.457
0.449
0.452
0.454
0.457
0.449
0.452
0.445
0.448
0.451
0.455
0.448
0.452
0.445
0.449
0.453
0.458
0.451
0.456
0.450
0.455
0.461
0.467
0.460
0.467
0.461
0.468
0.475
0.469
0.477
0.480
0.486
0.492
0.486
0.492
0.499
0.502
0.512
0.506
0.524
0.520
0.530
0.533
0.537
0.546
0.555
0.560
0.562
0.584
0.581
0.587
0.606
0.614
0.622
0.630
0.639
0.657
0.665
0.674
0.693
0.701
0.724
0.739
0.748
0.772
0.791
0.810
0.830
0.850
0.880
0.906
0.936
0.968
0.999
1.041
1.074
1.113
1.167
1.213
1.265
1.333
1.392
1.468
1.552
1.648
1.757
1.868
1.961
1.225
1.214
1.203
1.193
1.202
1.211
1.205
2.220
2.225
2.246
2.238
2.245
2.252
2.249
2.257
2.254
2.250
2.260
2.257
2.267
2.278
2.275
2.286
2.297
2.295
2.306
0.879
0.837
0.773
0.745
0.740
0.740
0.734
0.742
0.752
0.746
0.754
0.772
0.788
0.961
0.929
0.897
0.872
0.843
0.826
0.800
0.784
0.769
0.743
0.729
0.715
0.702
0.689
0.676
0.664
0.652
0.640
0.629
0.617
0.607
0.596
0.585
0.580
0.580
0.565
0.555
0.541
0.541
0.532
0.533
0.528
0.515
0.516
0.505
0.510
0.502
0.494
0.487
0.493
0.486
0.480
0.486
0.480
0.474
0.468
0.463
0.470
0.465
0.460
0.456
0.463
0.459
0.455
0.451
0.448
0.455
0.452
0.449
0.446
0.454
0.452
0.449
0.447
0.455
0.453
0.451
0.450
0.448
0.457
0.455
0.454
0.453
0.452
0.462
0.461
0.461
0.460
0.470
0.470
0.470
nan
nan
nan
nan
nan
nan
nan
nan
nan
nan
nan
nan
nan
0.528
0.530
0.543
0.546
0.549
0.553
0.567
0.571
0.586
0.590
0.595
0.610
0.616
0.632
0.638
0.656
0.663
0.670
0.689
0.697
0.717
0.726
0.747
0.770
0.793
0.804
0.829
0.855
0.882
0.910
0.933
0.940
0.151
0.149
1.044
1.086
0.236
0.166
1.222
1.284
1.333
1.412
1.483
1.570
1.671
1.783
1.900
2.053
2.217
2.434
2.675
2.973
nan
nan
nan
nan
nan
nan
nan
nan
